[0,0] -0.465578886931
[0,0] -0.465578886931
[0,0] 1.45160069817
[0,0] 1.45160069817
[1,1] -7.62064036866
[2,1] -7.54214207458
[3,1] -7.78878197009
[4,1] -7.92882393662
[5,1] -7.92765721448
[6,1] -7.94003475102
[7,1] -7.94899877776
[8,1] -7.9606873717
[9,1] -8.1170552023
[0,0] -2.09578858074
[0,0] -2.09578858074
[1,2] -1.02204427211
[2,2] -0.893011791788
[3,2] -0.829504798933
[4,2] -0.99978651045
[5,2] -1.14897934557
[6,2] -1.11002075124
[7,2] -0.998488646925
[8,2] -1.28269252976
[9,2] -0.0687907766391
[0,0] 14.5872856346
[0,0] 14.5872856346
[1,3] -11.7575697552
[2,3] -11.6167048199
[3,3] -11.7039848209
[4,3] -11.7681015713
[5,3] -11.8146420679
[6,3] -11.8294418681
[7,3] -11.832733546
[8,3] -11.8380861133
[9,3] -10.9050476595
[0,0] 29.7264907328
[0,0] 29.7264907328
[1,4] -13.4100497953
[2,4] -13.2607157542
[3,4] -13.2124462389
[4,4] -13.1992408414
[5,4] -13.20553622
[6,4] -13.2096354632
[7,4] -13.2232884962
[8,4] -13.2458067085
[9,4] -9.46271359495
[0,0] 8.17830473978
[0,0] 8.17830473978
[1,5] -11.1444897262
[2,5] -11.279118137
[3,5] -11.0851612762
[4,5] -10.9592483581
[5,5] -10.9229155351
[6,5] -10.9221001258
[7,5] -10.9193521083
[8,5] -10.9158509045
[9,5] 9.568059201
[0,0] -2.07999796712
[0,0] -2.07999796712
[1,6] -0.895661213409
[2,6] -0.767146701163
[3,6] -1.08326755557
[4,6] -0.996178309467
[5,6] -1.1834990629
[6,6] -0.897219322291
[7,6] -1.07067023868
[8,6] -1.16980707714
[9,6] -0.0307818222256
[0,0] 24.2814643322
[0,0] 24.2814643322
[1,7] -8.8624034444
[2,7] -8.98613573862
[3,7] -9.03554682899
[4,7] -9.06175074529
[5,7] -9.08058904158
[6,7] -9.09791340989
[7,7] -9.11584588372
[8,7] -9.13593039829
[9,7] 5.86191788704
[0,0] 21.0172210945
[0,0] 21.0172210945
[1,8] -12.0271698794
[2,8] -12.1852299701
[3,8] -12.2069049714
[4,8] -12.2012989482
[5,8] -12.1808691127
[6,8] -12.161998503
[7,8] -12.1469657855
[8,8] -12.1422618521
[9,8] 10.2692025248